inputs = 1 [0], 2 [0], 3 [0], 4 [0], 5 [0]
hidden = 14 [4], 17 [6], 22 [5], 25 [8], 28 [7], 32 [7], 37 [3], 40 [1], 45 [2], 55 [8], 58 [5], 61 [7], 64 [8], 67 [5], 71 [1], 77 [8], 80 [8], 83 [3], 87 [3], 91 [7], 95 [6], 98 [2], 102 [8], 106 [1], 114 [2], 119 [3], 124 [3], 127 [1], 130 [1], 134 [6], 137 [6], 140 [8], 143 [7], 147 [6], 150 [7], 154 [1], 157 [1], 162 [1], 166 [1], 170 [4], 173 [1], 178 [4], 181 [2], 184 [3], 191 [7], 197 [2], 202 [5]
outputs = 6 [9], 7 [9], 8 [9], 9 [9], 10 [9]
links:
11 off 1.587860 2 10
12 off 1.239965 1 9
13 on 1.024162 4 8
15 off 1.000000 1 14
16 off 1.239965 14 9
18 off 1.000000 14 17
19 off 1.239965 17 9
20 off 0.269832 17 10
21 off 1.232614 1 14
23 on 1.000000 14 22
24 on 1.000000 22 17
26 off 1.000000 17 25
27 on 1.239965 25 9
29 on 1.000000 17 28
30 on 1.000000 28 25
31 off 1.900045 22 7
33 on 1.000000 17 32
34 on 1.000000 32 25
35 on 1.732577 25 8
36 on 1.297219 17 7
38 on 1.000000 1 37
39 on 1.232614 37 14
41 on 1.000000 1 40
42 off 1.232614 40 14
43 off 1.319872 14 9
44 off 0.978637 2 28
46 on 1.000000 40 45
47 off 1.232614 45 14
48 on 0.152120 3 45
49 on 1.974384 17 9
50 off 0.828645 28 9
51 on 1.164139 3 14
52 off 0.393719 14 32
53 on 1.571136 37 17
54 on 1.422042 2 45
56 on 1.000000 28 55
57 on 0.828645 55 9
59 on 1.000000 14 58
60 off 0.393719 58 32
62 on 1.000000 17 61
63 on 1.000000 61 25
65 on 1.000000 17 64
66 on 0.269832 64 10
68 on 1.000000 14 67
69 on 1.000000 67 17
70 on 0.653389 25 9
72 on 1.000000 1 71
73 on 1.000000 71 14
74 off 0.840478 5 55
75 off 0.374083 5 8
76 off 0.457750 22 55
78 on 1.000000 28 77
79 on 0.828645 77 9
81 off 1.000000 17 80
82 on 0.269832 80 10
84 on 1.000000 45 83
85 on 1.232614 83 14
86 on 1.428501 71 55
88 on 1.000000 40 87
89 on 1.232614 87 14
90 off 0.764521 3 37
92 on 1.000000 17 91
93 on 1.000000 91 80
94 off 1.733831 2 87
96 on 1.000000 2 95
97 on 1.587860 95 10
99 off 1.000000 1 98
100 on 1.000000 98 14
101 on 1.364563 67 9
103 on 1.000000 22 102
104 on 1.900045 102 7
105 off 1.987695 37 80
107 on 1.000000 3 106
108 on 0.764521 106 37
109 on 0.221538 83 25
110 on 1.460907 40 83
111 off 0.521008 22 64
112 on 1.876840 22 25
113 on 1.025649 32 64
115 on 1.000000 3 114
116 on 0.764521 114 37
117 off 0.150185 1 58
118 on 1.622080 83 95
120 off 1.000000 2 119
121 off 0.978637 119 28
122 on 1.215621 22 9
123 on 1.518428 5 77
125 on 1.000000 40 124
126 on 1.232614 124 14
128 on 1.000000 5 127
129 on 0.840478 127 55
131 on 1.000000 5 130
132 on 0.374083 130 8
133 on 0.723060 114 91
135 on 1.000000 58 134
136 on 0.393719 134 32
138 on 1.000000 58 137
139 on 0.393719 137 32
141 on 1.000000 14 140
142 on 1.319872 140 9
144 on 1.000000 5 143
145 on 0.374083 143 8
146 on 1.052428 95 143
148 on 1.000000 22 147
149 on 0.457750 147 55
151 on 1.000000 22 150
152 on 0.521008 150 64
153 on 0.960399 1 17
155 on 1.000000 2 154
156 on 1.000000 154 119
158 on 1.000000 1 157
159 on 0.150185 157 58
160 on 1.189023 83 28
161 off 1.897429 106 28
163 on 1.000000 2 162
164 on 1.733831 162 87
165 on 0.909454 119 91
167 on 1.000000 1 166
168 on 1.000000 166 98
169 off 0.428941 127 61
171 on 1.000000 119 170
172 on 0.978637 170 28
174 on 1.000000 2 173
175 on 1.733831 173 87
176 on 0.753583 119 7
177 on 0.414245 2 130
179 on 1.000000 37 178
180 on 1.987695 178 80
182 on 1.000000 2 181
183 on 1.587860 181 10
185 on 1.000000 40 184
186 on 1.232614 184 14
187 on 1.151208 124 22
188 on 0.883970 170 17
189 on 1.728894 1 173
190 on 1.569950 91 64
192 on 1.000000 17 191
193 on 1.000000 191 25
194 on 0.646506 137 150
195 on 0.107312 32 80
196 on 0.199248 181 6
198 on 1.000000 106 197
199 on 1.897429 197 28
200 on 1.089538 184 102
201 on 0.968123 2 154
203 on 1.000000 127 202
204 on 0.428941 202 61
